0 0.19479166666666667 0.42083333333333334 5.794241880307933
0.003 0.196875 0.42333333333333334 1.1215663393214268
0.006 0.1984375 0.4266666666666667 2.40580482078847
0.009000000000000001 0.2 0.4291666666666667 6.263012602284067
0.012 0.20104166666666667 0.4316666666666667 4.393402147079587
0.015 0.20208333333333334 0.4341666666666667 1.0301385127878695
0.018 0.20364583333333333 0.4366666666666667 1.475633972294599
0.020999999999999998 0.20520833333333333 0.43833333333333335 1.9188392564755063
0.023999999999999997 0.20520833333333333 0.4391666666666667 3.104344267044836
0.026999999999999996 0.20625 0.44 6.498702095039292
0.029999999999999995 0.20677083333333332 0.44 3.8092871040602247
0.032999999999999995 0.20781249999999998 0.44083333333333335 4.732963820088644
0.036 0.20781249999999998 0.44 4.419752343429678
0.039 0.21614583333333334 0.43583333333333335 1.2372341902146626
0.042 0.23541666666666666 0.4266666666666667 6.186021671202214
0.045000000000000005 0.26145833333333335 0.41500000000000004 2.626133084485681
0.04800000000000001 0.2942708333333333 0.40166666666666667 6.862648544711901
0.05100000000000001 0.32447916666666665 0.39083333333333337 4.649331386356201
0.05400000000000001 0.3421875 0.385 2.566492801307106
0.057000000000000016 0.3645833333333333 0.3791666666666667 1.7887524699586583
0.06000000000000002 0.39375 0.3741666666666667 2.0138821836922842
0.06300000000000001 0.425 0.37000000000000005 1.4203749233291179
0.06600000000000002 0.4552083333333333 0.3666666666666667 2.0443088777179184
0.06900000000000002 0.484375 0.3666666666666667 2.544169829101925
0.07200000000000002 0.5046875 0.36583333333333334 6.073518304738074
0.07500000000000002 0.5244791666666666 0.3641666666666667 3.183338124476804
0.07800000000000003 0.5453125 0.3591666666666667 4.154740378979048
0.08100000000000003 0.5635416666666666 0.3541666666666667 2.855166620806285
0.08400000000000003 0.5760416666666667 0.35083333333333333 6.752269436148506
0.08700000000000004 0.5880208333333333 0.34833333333333333 3.8341292428027893
0.09000000000000004 0.5963541666666666 0.34500000000000003 4.947020524031954
0.09300000000000004 0.6046875 0.3416666666666667 1.6978379484746657
0.09600000000000004 0.6109375 0.33916666666666667 3.0474664358156973
0.09900000000000005 0.6161458333333333 0.3375 3.467155254797537
0.10200000000000005 0.6208333333333333 0.3358333333333334 3.044086123804089
0.10500000000000005 0.6244791666666667 0.335 2.000344230486597
0.10800000000000005 0.6265625 0.335 2.48189264536539
0.11100000000000006 0.6276041666666666 0.335 4.936969673178597
0.11400000000000006 0.628125 0.335 3.019251107969006
0.11700000000000006 0.6291666666666667 0.335 6.853380413906326
0.12000000000000006 0.6291666666666667 0.335 1.9483129206332834
0.12300000000000007 0.6291666666666667 0.335 4.1663417539988306
0.12600000000000006 0.6286458333333333 0.3375 6.363381441992975
0.12900000000000006 0.6265625 0.3408333333333334 6.868036030916263
0.13200000000000006 0.6229166666666667 0.3466666666666667 4.9550351859345225
0.13500000000000006 0.6177083333333333 0.3541666666666667 2.34135845263897
0.13800000000000007 0.60625 0.37083333333333335 3.9038929701043834
0.14100000000000007 0.5859375 0.4025 5.5850307546467075
0.14400000000000007 0.5671875 0.4316666666666667 5.8338220663618
0.14700000000000008 0.5484375 0.4608333333333334 3.3870077837151378
0.15000000000000008 0.5307291666666667 0.4891666666666667 4.3591514261893
0.15300000000000008 0.5140625 0.5175000000000001 4.521473897150107
0.15600000000000008 0.4953125 0.5475 2.9976296550927097
0.15900000000000009 0.4770833333333333 0.5766666666666667 1.0936733257325149
0.1620000000000001 0.4583333333333333 0.6083333333333334 2.0131573660585738
0.1650000000000001 0.440625 0.6366666666666667 4.06061226335028
0.1680000000000001 0.4239583333333333 0.6625000000000001 5.8414334039275895
0.1710000000000001 0.4088541666666667 0.6866666666666668 3.4721218548083486
0.1740000000000001 0.39479166666666665 0.7075 3.6765128329819587
0.1770000000000001 0.3828125 0.7241666666666667 2.3884202268699086
0.1800000000000001 0.3729166666666667 0.7358333333333333 6.855935557749464
0.1830000000000001 0.365625 0.745 2.126108680749672
0.1860000000000001 0.35885416666666664 0.7516666666666667 5.890398872137912
0.1890000000000001 0.3536458333333333 0.7566666666666667 5.313706328226951
0.19200000000000012 0.3489583333333333 0.76 3.536860416780696
0.19500000000000012 0.3453125 0.7633333333333334 2.5152867481073367
0.19800000000000012 0.34322916666666664 0.7641666666666667 4.299214808425969
0.20100000000000012 0.340625 0.765 1.3272250597693003
0.20400000000000013 0.3385416666666667 0.7658333333333334 6.0925413866118445
0.20700000000000013 0.3375 0.7658333333333334 5.672657772620431
0.21000000000000013 0.3364583333333333 0.7658333333333334 5.906968443395115
0.21300000000000013 0.33541666666666664 0.7658333333333334 1.7321624742102957
0.21600000000000014 0.33489583333333334 0.7658333333333334 4.887440687737653
0.21900000000000014 0.33489583333333334 0.7658333333333334 5.776399599132662
0.22200000000000014 0.334375 0.7658333333333334 1.2622228464194134
0.22500000000000014 0.334375 0.7658333333333334 1.4865392058779572
0.22800000000000015 0.3338541666666667 0.7658333333333334 4.461368284511789
0.23100000000000015 0.3333333333333333 0.7658333333333334 6.629569554808663
0.23400000000000015 0.3328125 0.7658333333333334 6.89272295330349
0.23700000000000015 0.33229166666666665 0.7658333333333334 3.6645235401613743
0.24000000000000016 0.33177083333333335 0.7658333333333334 3.126911579398186
0.24300000000000016 0.33125 0.7658333333333334 6.10285435460035
0.24600000000000016 0.3302083333333333 0.765 3.9767498893586914
0.24900000000000017 0.3302083333333333 0.765 6.25878857376522
0.25200000000000017 0.3296875 0.7641666666666667 1.4714337645168365
0.25500000000000017 0.3296875 0.7641666666666667 2.907469315496567
0.2580000000000002 0.32916666666666666 0.7633333333333334 3.432669500559988
0.2610000000000002 0.3296875 0.7625000000000001 6.238086429370045
0.2640000000000002 0.3333333333333333 0.7591666666666668 4.2482564974003925
0.2670000000000002 0.34322916666666664 0.7566666666666667 2.0196814749356857
0.2700000000000002 0.3776041666666667 0.7525000000000001 3.65268190316609
0.2730000000000002 0.4479166666666667 0.7475 5.535687898693278
0.2760000000000002 0.50625 0.7416666666666667 2.439699416724948
0.2790000000000002 0.5526041666666667 0.7383333333333334 4.725597561617173
0.2820000000000002 0.6130208333333333 0.7275 2.374551792275055
0.2850000000000002 0.6645833333333333 0.7141666666666667 5.52234664672214
0.2880000000000002 0.6994791666666667 0.7050000000000001 1.3879098617819223
0.2910000000000002 0.7317708333333334 0.6916666666666668 3.210249186221467
0.2940000000000002 0.7609375 0.6783333333333333 3.57431005584795
0.2970000000000002 0.7833333333333333 0.6675000000000001 3.3631830149491346
0.3000000000000002 0.8015625 0.6566666666666667 3.411773343793492
0.3030000000000002 0.8171875 0.6475000000000001 6.923927850136478
0.3060000000000002 0.8317708333333333 0.6375000000000001 5.444489644908621
0.3090000000000002 0.8411458333333334 0.6308333333333334 2.310826739811816
0.3120000000000002 0.8473958333333333 0.6275000000000001 1.2013341391672763
0.3150000000000002 0.8536458333333333 0.6233333333333334 6.297312914241118
0.3180000000000002 0.8572916666666667 0.6216666666666667 2.150624542669899
0.32100000000000023 0.8598958333333333 0.6208333333333333 5.830017368123853
0.32400000000000023 0.8604166666666666 0.6208333333333333 3.7453654115248964
0.32700000000000023 0.8609375 0.6216666666666667 6.217147308558523
0.33000000000000024 0.8609375 0.6225 2.8518544050870434
0.33300000000000024 0.8604166666666666 0.6241666666666668 6.455597613300352
0.33600000000000024 0.859375 0.6258333333333334 1.129854785229893
0.33900000000000025 0.8572916666666667 0.6291666666666667 6.17082095876284
0.34200000000000025 0.8552083333333333 0.6316666666666667 3.7923942877629435
0.34500000000000025 0.8520833333333333 0.6341666666666667 1.1723327233881036
0.34800000000000025 0.8489583333333334 0.6366666666666667 3.1468570415143766
0.35100000000000026 0.8453125 0.6391666666666667 3.980555909413268
0.35400000000000026 0.8411458333333334 0.6416666666666667 1.9220649453438479
0.35700000000000026 0.8380208333333333 0.6441666666666667 3.3332563329185803
0.36000000000000026 0.8348958333333333 0.645 5.001040077541898
0.36300000000000027 0.8312499999999999 0.6466666666666667 5.110822957934422
0.36600000000000027 0.8286458333333333 0.6475000000000001 2.030463708818703
0.36900000000000027 0.8255208333333334 0.6491666666666667 6.944707600088291
0.3720000000000003 0.8229166666666666 0.65 3.4057437486133733
0.3750000000000003 0.8203125 0.6508333333333334 3.5941034633388647
0.3780000000000003 0.8171875 0.6516666666666667 2.928399616767761
0.3810000000000003 0.8145833333333333 0.6525000000000001 5.972644860218946
0.3840000000000003 0.8130208333333333 0.6525000000000001 1.3937031384197114
0.3870000000000003 0.8114583333333333 0.6525000000000001 1.8500464641369103
0.3900000000000003 0.809375 0.6525000000000001 1.6616505719591887
0.3930000000000003 0.8078124999999999 0.6433333333333334 5.556074883184696
0.3960000000000003 0.8052083333333333 0.6275000000000001 5.66939997303653
0.3990000000000003 0.8005208333333333 0.6033333333333334 5.59355704287651
0.4020000000000003 0.7973958333333333 0.5800000000000001 1.441055661137152
0.4050000000000003 0.7947916666666667 0.5633333333333334 1.4810270085723143
0.4080000000000003 0.7921875 0.55 3.588618498271866
0.4110000000000003 0.7901041666666666 0.5408333333333334 3.495988215802197
0.4140000000000003 0.7875 0.5316666666666667 6.366327224295639
0.4170000000000003 0.784375 0.5233333333333333 5.998916420388644
0.4200000000000003 0.78125 0.5166666666666667 6.0268439442706
0.4230000000000003 0.778125 0.5116666666666667 3.0294286316227845
0.4260000000000003 0.7734375 0.5058333333333334 6.912637980577618
0.4290000000000003 0.76875 0.5008333333333334 3.8000300318492606
0.43200000000000033 0.7640625 0.4966666666666667 1.321838064657326
0.43500000000000033 0.759375 0.49333333333333335 4.72997000576956
0.43800000000000033 0.7557291666666667 0.49000000000000005 5.233387365626835
0.44100000000000034 0.7526041666666666 0.48750000000000004 5.053428254690794
0.44400000000000034 0.7510416666666666 0.4866666666666667 1.031400531111047
0.44700000000000034 0.7489583333333333 0.48500000000000004 3.9342683345195377
0.45000000000000034 0.7484375 0.4841666666666667 2.4144430607895604
0.45300000000000035 0.7473958333333334 0.48333333333333334 4.5144888756566095
0.45600000000000035 0.746875 0.48333333333333334 5.645460371600041
0.45900000000000035 0.746875 0.48250000000000004 2.7075027710468076
0.46200000000000035 0.7463541666666667 0.48250000000000004 3.3619675889726874
0.46500000000000036 0.7458333333333333 0.48250000000000004 4.596980908846997
0.46800000000000036 0.7447916666666666 0.48250000000000004 6.497217158407134
0.47100000000000036 0.7427083333333333 0.4841666666666667 5.046475382880063
0.47400000000000037 0.7401041666666667 0.48750000000000004 6.407000332539824
0.47700000000000037 0.7375 0.49333333333333335 2.1133280509080143
0.48000000000000037 0.734375 0.5 1.375584561980314
0.4830000000000004 0.73125 0.5083333333333334 3.188117120346781
0.4860000000000004 0.7286458333333333 0.5158333333333334 1.016868201443419
0.4890000000000004 0.7270833333333333 0.52 1.743034646628008
0.4920000000000004 0.7265625 0.5225000000000001 1.2833643154233125
0.4950000000000004 0.7265625 0.5233333333333333 4.666226386374911
0.4980000000000004 0.728125 0.5225000000000001 5.757548988144639
0.5010000000000003 0.73125 0.5175000000000001 2.6323038778575265
0.5040000000000003 0.7359375 0.51 2.3285226699783728
0.5070000000000003 0.7390625 0.5033333333333334 5.415600089625928
0.5100000000000003 0.7411458333333333 0.4991666666666667 6.497948026286004
0.5130000000000003 0.7421875 0.4966666666666667 5.44664351733113
0.5160000000000003 0.7427083333333333 0.49583333333333335 3.8691038837468645
0.5190000000000003 0.7421875 0.4966666666666667 3.775924073152167
0.5220000000000004 0.7395833333333334 0.5025000000000001 2.1904827010958536
0.5250000000000004 0.7359375 0.5108333333333334 5.762493966224712
0.5280000000000004 0.7317708333333334 0.5183333333333333 2.1234629702278656
0.5310000000000004 0.7296875 0.5225000000000001 4.144246336634737
0.5340000000000004 0.7286458333333333 0.525 4.869186438930923
0.5370000000000004 0.7276041666666666 0.5258333333333334 1.1740241773811646
0.5400000000000004 0.7296875 0.52 1.978187801630611
0.5430000000000004 0.7348958333333333 0.5041666666666667 1.1649667815132125
0.5460000000000004 0.746875 0.47250000000000003 6.002305745958614
0.5490000000000004 0.75625 0.4475 4.501967458841051
0.5520000000000004 0.7609375 0.43500000000000005 2.083402132348821
0.5550000000000004 0.7619791666666667 0.43000000000000005 1.4000938450764864
0.5580000000000004 0.7625 0.42833333333333334 6.1702397130977875
0.5610000000000004 0.7619791666666667 0.42833333333333334 2.8390127962234377
0.5640000000000004 0.7588541666666666 0.4316666666666667 3.242995564440804
0.5670000000000004 0.7541666666666667 0.43833333333333335 4.278550358565475
0.5700000000000004 0.7484375 0.4466666666666667 5.8583345513672045
0.5730000000000004 0.7442708333333333 0.4541666666666667 1.4139753569224132
0.5760000000000004 0.7427083333333333 0.4575 5.0342725664799275
0.5790000000000004 0.7416666666666667 0.4591666666666667 3.7302940199292474
0.5820000000000004 0.7432291666666666 0.4541666666666667 5.529586533207084
0.5850000000000004 0.7479166666666667 0.445 3.184415964076789
0.5880000000000004 0.7541666666666667 0.43083333333333335 5.33447689633811
0.5910000000000004 0.7609375 0.4166666666666667 1.8916640950387782
0.5940000000000004 0.7651041666666667 0.4066666666666667 2.238695263897739
0.5970000000000004 0.7677083333333333 0.4025 5.9207276914267855
0.6000000000000004 0.76875 0.4008333333333334 3.655644332378303
0.6030000000000004 0.7692708333333333 0.4 6.9005506260621745
0.6060000000000004 0.7697916666666667 0.4 2.103197418622397
0.6090000000000004 0.7677083333333333 0.4041666666666667 1.4714194237373546
0.6120000000000004 0.7640625 0.41000000000000003 5.94676137292201
0.6150000000000004 0.7588541666666666 0.41833333333333333 5.067844451508966
0.6180000000000004 0.7541666666666667 0.4241666666666667 2.161990479088306
0.6210000000000004 0.7479166666666667 0.43083333333333335 2.0336016911487347
0.6240000000000004 0.7401041666666667 0.4366666666666667 4.2520507307588336
0.6270000000000004 0.7302083333333333 0.4425 2.4991044319298865
0.6300000000000004 0.7171875 0.4475 6.420872868553051
0.6330000000000005 0.7020833333333333 0.455 5.983266204783201
0.6360000000000005 0.6828125 0.4625 5.153201008537208
0.6390000000000005 0.6619791666666667 0.47000000000000003 2.537357614781751
0.6420000000000005 0.6369791666666667 0.4791666666666667 5.473979807883098
0.6450000000000005 0.6098958333333333 0.4891666666666667 2.085746998714491
0.6480000000000005 0.5822916666666667 0.5008333333333334 5.3658522745124015
0.6510000000000005 0.55625 0.5108333333333334 4.456571517917572
0.6540000000000005 0.5348958333333333 0.5191666666666667 2.306194603448377
0.6570000000000005 0.5182291666666666 0.5258333333333334 4.128763753525067
0.6600000000000005 0.5036458333333333 0.5316666666666667 4.938393481100282
0.6630000000000005 0.49322916666666666 0.535 2.1586953922023975
0.6660000000000005 0.484375 0.5375000000000001 3.945128088086354
0.6690000000000005 0.47760416666666666 0.5383333333333333 1.2423149161109996
0.6720000000000005 0.4713541666666667 0.5383333333333333 6.864569703660488
0.6750000000000005 0.4661458333333333 0.5383333333333333 2.227712696562456
0.6780000000000005 0.4614583333333333 0.5375000000000001 4.1687898415842275
0.6810000000000005 0.45729166666666665 0.535 2.024875407390287
0.6840000000000005 0.45468749999999997 0.5341666666666667 3.8405450195120654
0.6870000000000005 0.45260416666666664 0.5325000000000001 2.0965531631005296
0.6900000000000005 0.4510416666666667 0.5308333333333334 5.4338460618755215
0.6930000000000005 0.44947916666666665 0.5291666666666667 5.571377979847323
0.6960000000000005 0.4484375 0.5275000000000001 6.154782230941092
0.6990000000000005 0.4473958333333333 0.5266666666666667 2.235422991168721
0.7020000000000005 0.44687499999999997 0.5258333333333334 2.3937592395040266
0.7050000000000005 0.44635416666666666 0.525 4.094987952810521
0.7080000000000005 0.4458333333333333 0.5241666666666667 4.570926934469276
0.7110000000000005 0.4453125 0.5233333333333333 6.192580347044398
0.7140000000000005 0.44479166666666664 0.5225000000000001 1.211811934449502
0.7170000000000005 0.44479166666666664 0.5225000000000001 2.099908201047458
0.7200000000000005 0.44479166666666664 0.5216666666666667 4.974087220782338
0.7230000000000005 0.44479166666666664 0.5216666666666667 2.068277674016353
0.7260000000000005 0.44427083333333334 0.5208333333333334 4.529163064044918
0.7290000000000005 0.44427083333333334 0.52 4.625359546374711
0.7320000000000005 0.44427083333333334 0.52 5.590776374727481
0.7350000000000005 0.44427083333333334 0.5191666666666667 1.6400672723277772
0.7380000000000005 0.44427083333333334 0.5175000000000001 6.964659673249704
0.7410000000000005 0.4453125 0.5158333333333334 2.992766899079955
0.7440000000000005 0.44635416666666666 0.5116666666666667 5.035830218606932
0.7470000000000006 0.4484375 0.5075000000000001 6.449472269667647
0.7500000000000006 0.45208333333333334 0.5016666666666667 6.6488504440268255
0.7530000000000006 0.45729166666666665 0.49333333333333335 4.288656117730522
0.7560000000000006 0.46822916666666664 0.48000000000000004 6.660733591092916
0.7590000000000006 0.4895833333333333 0.4575 1.0439476988848644
0.7620000000000006 0.5104166666666666 0.43833333333333335 6.319562555519197
0.7650000000000006 0.5302083333333333 0.42250000000000004 3.3730880647113075
0.7680000000000006 0.5463541666666667 0.4116666666666667 3.4151031898019104
0.7710000000000006 0.5598958333333334 0.40166666666666667 4.180643162938416
0.7740000000000006 0.5713541666666666 0.39416666666666667 3.121361535545388
0.7770000000000006 0.5802083333333333 0.3875 1.5633322667758558
0.7800000000000006 0.5869791666666666 0.3816666666666667 2.3382417657567514
0.7830000000000006 0.5927083333333333 0.3766666666666667 1.657003667232492
0.7860000000000006 0.5963541666666666 0.3716666666666667 4.690492809376899
0.7890000000000006 0.5989583333333334 0.36750000000000005 6.1065207774487895
0.7920000000000006 0.6005208333333333 0.3641666666666667 3.2072633474595746
0.7950000000000006 0.6020833333333333 0.3616666666666667 2.3448298207622607
0.7980000000000006 0.6026041666666666 0.36000000000000004 2.202295480039097
0.8010000000000006 0.603125 0.3591666666666667 1.5843497907239028
0.8040000000000006 0.603125 0.35833333333333334 5.0566358815747074
0.8070000000000006 0.603125 0.35833333333333334 6.612290852140062
0.8100000000000006 0.603125 0.35750000000000004 1.4944741708444984
0.8130000000000006 0.603125 0.3566666666666667 5.607794135283848
0.8160000000000006 0.603125 0.3566666666666667 4.4096912607896295
0.8190000000000006 0.6026041666666666 0.35583333333333333 2.240347164952136
0.8220000000000006 0.6026041666666666 0.35500000000000004 3.2818644034856077
0.8250000000000006 0.6020833333333333 0.35333333333333333 3.8835774479143677
0.8280000000000006 0.6005208333333333 0.3516666666666667 1.7534126011438687
0.8310000000000006 0.6 0.35000000000000003 5.486203582657762
0.8340000000000006 0.5984375 0.3491666666666667 3.6086614787967353
0.8370000000000006 0.5973958333333333 0.34750000000000003 5.247797301360762
0.8400000000000006 0.5958333333333333 0.3458333333333334 6.687351346347425
0.8430000000000006 0.5947916666666666 0.34500000000000003 3.073540776033543
0.8460000000000006 0.59375 0.3441666666666667 2.693159113382146
0.8490000000000006 0.5927083333333333 0.3441666666666667 6.083075983131583
0.8520000000000006 0.5916666666666667 0.3433333333333334 6.449995870722377
0.8550000000000006 0.590625 0.3433333333333334 5.751854163732887
0.8580000000000007 0.5901041666666667 0.3425 5.873854432555869
0.8610000000000007 0.5890625 0.3425 3.3890031588724083
0.8640000000000007 0.5880208333333333 0.3416666666666667 6.276401082912491
0.8670000000000007 0.5875 0.3416666666666667 6.5267507080037515
0.8700000000000007 0.5859375 0.3408333333333334 3.0650823995047736
0.8730000000000007 0.5848958333333333 0.3408333333333334 3.315408965247773
0.8760000000000007 0.5838541666666667 0.34 1.2393610455742499
0.8790000000000007 0.5828125 0.33916666666666667 1.634796380103562
0.8820000000000007 0.58125 0.3383333333333334 5.732934803186716
0.8850000000000007 0.5802083333333333 0.3375 5.667926567314123
0.8880000000000007 0.578125 0.33666666666666667 6.016945410622523
0.8910000000000007 0.5755208333333334 0.335 2.1769319886835365
0.8940000000000007 0.5723958333333333 0.33333333333333337 3.665481967182095
0.8970000000000007 0.5692708333333333 0.33083333333333337 1.0306572015096296
0.9000000000000007 0.5645833333333333 0.3275 2.326460479783189
0.9030000000000007 0.5583333333333333 0.3225 5.01296184230669
0.9060000000000007 0.5515625 0.31583333333333335 3.0142800861458667
0.9090000000000007 0.5421875 0.3066666666666667 6.2181999413060876
0.9120000000000007 0.5328125 0.29750000000000004 5.384661873562294
0.9150000000000007 0.5234375 0.2891666666666667 4.958709114058724
0.9180000000000007 0.515625 0.2816666666666667 5.908596010532695
0.9210000000000007 0.5072916666666667 0.2758333333333334 6.800904559610332
0.9240000000000007 0.5 0.27166666666666667 5.179191285872418
0.9270000000000007 0.4927083333333333 0.26916666666666667 3.346106040066812
0.9300000000000007 0.48593749999999997 0.2675 5.958775672468663
0.9330000000000007 0.4786458333333333 0.26833333333333337 3.9391175163831678
0.9360000000000007 0.471875 0.27 3.3277067173045705
0.9390000000000007 0.4640625 0.2725 3.4209987349210875
0.9420000000000007 0.45625 0.2775 5.054052138201534
0.9450000000000007 0.44895833333333335 0.28250000000000003 4.998837358267661
0.9480000000000007 0.440625 0.2891666666666667 5.809317469764865
0.9510000000000007 0.4322916666666667 0.29750000000000004 5.320709938757584
0.9540000000000007 0.4244791666666667 0.30583333333333335 6.128773744756865
0.9570000000000007 0.4166666666666667 0.3141666666666667 4.1185616798820135
0.9600000000000007 0.4088541666666667 0.3241666666666667 3.6254776209515436
0.9630000000000007 0.40208333333333335 0.335 4.7025112993892
0.9660000000000007 0.39479166666666665 0.3458333333333334 5.165773975265533
0.9690000000000007 0.3875 0.35750000000000004 4.73808220869281
0.9720000000000008 0.38125 0.3691666666666667 1.5232369383626623
0.9750000000000008 0.3755208333333333 0.3816666666666667 6.629086341283103
0.9780000000000008 0.3697916666666667 0.39416666666666667 4.343507518595534
0.9810000000000008 0.3645833333333333 0.4058333333333334 5.688648124757425
0.9840000000000008 0.36041666666666666 0.41833333333333333 6.341778763203127
0.9870000000000008 0.3567708333333333 0.43083333333333335 3.7814274410380317
0.9900000000000008 0.3541666666666667 0.4416666666666667 4.352068168828118
0.9930000000000008 0.3515625 0.4525 5.316496257825519
0.9960000000000008 0.3494791666666667 0.46416666666666667 6.728633627196517
0.9990000000000008 0.3484375 0.4758333333333334 1.908853247364558
1.0020000000000007 0.34791666666666665 0.4866666666666667 1.9519342818604895
1.0050000000000006 0.34739583333333335 0.49750000000000005 5.876531476737001
1.0080000000000005 0.34791666666666665 0.5083333333333334 3.7235657658550463
1.0110000000000003 0.3484375 0.5191666666666667 5.239190371009501
1.0140000000000002 0.3494791666666667 0.5291666666666667 4.635332512551969
1.0170000000000001 0.35104166666666664 0.5383333333333333 4.490832462121698
1.02 0.353125 0.5475 4.370135468630965
1.023 0.35625 0.5558333333333334 1.1658163635869025
1.0259999999999998 0.359375 0.5633333333333334 6.056091385633745
1.0289999999999997 0.3625 0.5700000000000001 6.022256402217037
1.0319999999999996 0.3671875 0.5775 3.130335963122172
1.0349999999999995 0.371875 0.5841666666666667 1.3753675194239725
1.0379999999999994 0.3776041666666667 0.5900000000000001 2.8402665468283756
1.0409999999999993 0.3828125 0.5950000000000001 2.627928301843002
1.0439999999999992 0.3890625 0.6008333333333333 3.6156495448855246
1.046999999999999 0.3958333333333333 0.6050000000000001 2.8354200914330403
1.049999999999999 0.403125 0.6091666666666667 4.109848276383998
1.0529999999999988 0.4114583333333333 0.6141666666666667 2.0743682501898855
1.0559999999999987 0.4197916666666667 0.6175 6.7342257234764356
1.0589999999999986 0.428125 0.6208333333333333 2.3362078258352774
1.0619999999999985 0.43697916666666664 0.6241666666666668 4.692894009486869
1.0649999999999984 0.44635416666666666 0.6258333333333334 5.113809155506944
1.0679999999999983 0.4557291666666667 0.6283333333333334 6.675294683764884
1.0709999999999982 0.4661458333333333 0.6291666666666667 3.9302075665880545
1.073999999999998 0.47760416666666666 0.63 6.534674201717792
1.076999999999998 0.48802083333333335 0.63 5.969450735283518
1.0799999999999979 0.49947916666666664 0.63 6.314615155093141
1.0829999999999977 0.5119791666666667 0.6291666666666667 5.5558780885618795
1.0859999999999976 0.5234375 0.6275000000000001 5.514303848843084
1.0889999999999975 0.5348958333333333 0.6241666666666668 2.6988382780862796
1.0919999999999974 0.5463541666666667 0.6216666666666667 2.177239853081888
1.0949999999999973 0.5572916666666666 0.6183333333333334 3.470379067984272
1.0979999999999972 0.5666666666666667 0.6133333333333334 6.870471561041777
1.100999999999997 0.5755208333333334 0.6083333333333334 4.193617825742997
1.103999999999997 0.5833333333333334 0.6016666666666667 6.465286733568838
1.1069999999999969 0.5901041666666667 0.5950000000000001 4.700847332910079
1.1099999999999968 0.596875 0.5883333333333334 3.3451213060827296
1.1129999999999967 0.6015625 0.5816666666666667 3.5918592061697154
1.1159999999999966 0.60625 0.5741666666666667 1.3489076936181208
1.1189999999999964 0.609375 0.5666666666666667 4.856941868434824
1.1219999999999963 0.6109375 0.5591666666666667 1.5687928370918447
1.1249999999999962 0.6125 0.5525 6.439213634267867
1.1279999999999961 0.6125 0.5475 5.982409149757154
1.130999999999996 0.6125 0.5416666666666667 4.719410559965655
1.133999999999996 0.6114583333333333 0.5358333333333334 2.2294136798954396
1.1369999999999958 0.6098958333333333 0.5308333333333334 5.816575720927977
1.1399999999999957 0.6072916666666667 0.525 5.65320253619138
1.1429999999999956 0.6036458333333333 0.5191666666666667 6.578388141111345
1.1459999999999955 0.5989583333333334 0.5133333333333334 1.4454385426874072
1.1489999999999954 0.5932291666666667 0.5083333333333334 6.592490866062155
1.1519999999999953 0.5869791666666666 0.5041666666666667 1.0778526119581442
1.1549999999999951 0.5786458333333333 0.5008333333333334 3.5320987625785083
1.157999999999995 0.5713541666666666 0.5 5.293027738953875
1.160999999999995 0.5645833333333333 0.5008333333333334 6.719421220654628
1.1639999999999948 0.5567708333333333 0.5033333333333334 6.150770448305229
1.1669999999999947 0.5494791666666666 0.5075000000000001 2.832484937486397
1.1699999999999946 0.5427083333333333 0.5125000000000001 5.647628806691074
1.1729999999999945 0.5354166666666667 0.5191666666666667 2.94635784222745
1.1759999999999944 0.5291666666666667 0.5258333333333334 1.0598667011211012
1.1789999999999943 0.5223958333333333 0.5333333333333333 1.9279660349527703
1.1819999999999942 0.5166666666666666 0.5416666666666667 6.941398595107218
1.184999999999994 0.5098958333333333 0.5516666666666667 2.597361448485851
1.187999999999994 0.5041666666666667 0.5616666666666666 5.876661908232838
1.1909999999999938 0.4979166666666667 0.5733333333333334 1.6113931107306663
1.1939999999999937 0.4921875 0.5841666666666667 2.629181267896977
1.1969999999999936 0.4869791666666667 0.5966666666666667 1.122300471967888
1.1999999999999935 0.4828125 0.6075 4.527333742572899
1.2029999999999934 0.4786458333333333 0.6183333333333334 4.611287783772454
1.2059999999999933 0.47552083333333334 0.63 5.046680124710836
1.2089999999999932 0.47291666666666665 0.6408333333333334 4.108743179921437
1.211999999999993 0.47031249999999997 0.6516666666666667 3.253918365368317
1.214999999999993 0.46875 0.6616666666666667 4.293245943758016
1.2179999999999929 0.46770833333333334 0.6708333333333334 1.0554379126561497
1.2209999999999928 0.4671875 0.6791666666666667 3.7653334845817064
1.2239999999999926 0.4671875 0.6866666666666668 5.140369335417377
1.2269999999999925 0.4671875 0.6916666666666668 1.681203121817283
1.2299999999999924 0.46822916666666664 0.6975 2.6489034788978225
1.2329999999999923 0.4692708333333333 0.7033333333333334 1.4159694306834087
1.2359999999999922 0.47031249999999997 0.7083333333333334 6.911056915570862
1.238999999999992 0.47239583333333335 0.7133333333333334 6.769422273074787
1.241999999999992 0.4739583333333333 0.7183333333333334 4.334105981111711
1.244999999999992 0.4765625 0.7225 1.7265244253217358
1.2479999999999918 0.4786458333333333 0.7258333333333333 1.725562073623155
1.2509999999999917 0.4817708333333333 0.7291666666666667 3.5223772467191052
1.2539999999999916 0.48541666666666666 0.7333333333333334 4.919640988734619
1.2569999999999915 0.4890625 0.7366666666666667 6.770673712250408
1.2599999999999913 0.49322916666666666 0.7400000000000001 1.288123698744212
1.2629999999999912 0.4973958333333333 0.7425 1.726408646266873
1.2659999999999911 0.5026041666666666 0.7458333333333333 4.455396384562121
1.268999999999991 0.5083333333333333 0.7475 3.621666443828877
1.271999999999991 0.5130208333333334 0.7483333333333334 5.49697382691078
1.2749999999999908 0.5171875 0.7491666666666668 5.151093064102085
1.2779999999999907 0.5213541666666667 0.7491666666666668 2.612382446622203
1.2809999999999906 0.5255208333333333 0.7483333333333334 3.8867901344241376
1.2839999999999905 0.5302083333333333 0.7475 2.1127299050521238
1.2869999999999904 0.5338541666666666 0.7458333333333333 2.310117959069416
1.2899999999999903 0.5380208333333333 0.7433333333333334 1.068783741457742
1.2929999999999902 0.5416666666666666 0.7416666666666667 5.821268735718087
1.29599999999999 0.5447916666666667 0.7391666666666667 5.246919731986279
1.29899999999999 0.5479166666666666 0.7358333333333333 4.799170406813655
1.3019999999999898 0.5505208333333333 0.7333333333333334 4.055860461430159
1.3049999999999897 0.553125 0.7308333333333333 4.07292229423758
1.3079999999999896 0.5541666666666667 0.7283333333333334 1.5572347797358852
1.3109999999999895 0.5557291666666666 0.7258333333333333 6.411246206959362
1.3139999999999894 0.5567708333333333 0.7233333333333334 4.684413102266859
1.3169999999999893 0.5572916666666666 0.7208333333333333 3.51638326416296
1.3199999999999892 0.5578125 0.7191666666666667 6.378386685128541
1.322999999999989 0.5578125 0.7183333333333334 6.918773421275365
1.325999999999989 0.5578125 0.7166666666666667 5.531369197624824
1.3289999999999889 0.5578125 0.7158333333333334 2.2867288948346616
1.3319999999999887 0.5572916666666666 0.7133333333333334 2.127561473873402
1.3349999999999886 0.55625 0.7116666666666667 6.810489244086471
1.3379999999999885 0.5546875 0.7108333333333334 2.3997361628755924
1.3409999999999884 0.5526041666666667 0.7091666666666667 1.71697430809099
1.3439999999999883 0.55 0.7091666666666667 5.758116017273787
1.3469999999999882 0.546875 0.7100000000000001 4.111308341734961
1.349999999999988 0.5432291666666667 0.7108333333333334 2.021864063167128
1.352999999999988 0.5390625 0.7116666666666667 5.995691992642387
1.3559999999999879 0.5348958333333333 0.7141666666666667 4.133634644376443
1.3589999999999878 0.5307291666666667 0.7183333333333334 3.1080438245248416
1.3619999999999877 0.5260416666666666 0.7233333333333334 6.5751998467862585
1.3649999999999876 0.521875 0.7275 1.4859617971870394
1.3679999999999874 0.5182291666666666 0.7333333333333334 2.6101215402388824
1.3709999999999873 0.5151041666666667 0.7383333333333334 4.752226877761874
1.3739999999999872 0.5114583333333333 0.7425 2.157411213735938
1.3769999999999871 0.5083333333333333 0.7491666666666668 2.72962761124782
1.379999999999987 0.5057291666666667 0.7558333333333334 6.703046260110625
1.382999999999987 0.5026041666666666 0.7625000000000001 1.960183253129693
1.3859999999999868 0.49947916666666664 0.7691666666666667 4.041016667504157
1.3889999999999867 0.4979166666666667 0.775 3.112117666118457
1.3919999999999866 0.49583333333333335 0.7808333333333334 2.58578351525874
1.3949999999999865 0.4942708333333333 0.7875000000000001 5.500596106136529
1.3979999999999864 0.49322916666666666 0.7933333333333333 2.4133559246450353
1.4009999999999863 0.4927083333333333 0.7991666666666667 1.7603607943236554
1.4039999999999861 0.4921875 0.805 4.585055101395386
1.406999999999986 0.4921875 0.8091666666666667 5.797897508923796
1.409999999999986 0.4921875 0.8133333333333334 4.266062347027386
1.4129999999999858 0.4927083333333333 0.8183333333333334 1.2084197137766908
1.4159999999999857 0.49322916666666666 0.8225 4.869935372252797
1.4189999999999856 0.4942708333333333 0.8275 6.879076259269127
1.4219999999999855 0.4947916666666667 0.8308333333333334 2.528861026683882
1.4249999999999854 0.49635416666666665 0.8350000000000001 2.4516312933021895
1.4279999999999853 0.4979166666666667 0.8391666666666667 2.860179536518907
1.4309999999999852 0.49947916666666664 0.8425 1.5669993490769873
1.433999999999985 0.5015625 0.8458333333333334 2.4150933621521835
1.436999999999985 0.5036458333333333 0.8491666666666667 3.1847679483811397
1.4399999999999848 0.5057291666666667 0.8516666666666667 6.49509819047369
1.4429999999999847 0.5083333333333333 0.8550000000000001 6.355429469465647
1.4459999999999846 0.5109375 0.8575 2.6503804784530516
1.4489999999999845 0.5135416666666667 0.8591666666666667 6.849395317869354
1.4519999999999844 0.5166666666666666 0.8608333333333333 1.5900598826924557
1.4549999999999843 0.5197916666666667 0.8616666666666667 3.3879664825827023
1.4579999999999842 0.5223958333333333 0.8625 6.896560091475997
1.460999999999984 0.5255208333333333 0.8625 1.6322732382222778
1.463999999999984 0.5286458333333334 0.8616666666666667 1.9802392607427388
1.4669999999999839 0.5317708333333333 0.8608333333333333 6.949664956086405
1.4699999999999838 0.534375 0.8591666666666667 1.2219369809415073
1.4729999999999837 0.5369791666666667 0.8566666666666667 1.5100571529988807
1.4759999999999835 0.5395833333333333 0.8541666666666667 1.4060624511273567
1.4789999999999834 0.5421875 0.8508333333333334 2.7163919374745618
1.4819999999999833 0.5442708333333334 0.8466666666666667 3.354731357915517
1.4849999999999832 0.5463541666666667 0.8433333333333334 6.595954750682533
1.4879999999999831 0.5479166666666666 0.8400000000000001 3.6614247347193087
1.490999999999983 0.5489583333333333 0.8375 4.146208953126585
1.493999999999983 0.5494791666666666 0.8358333333333334 5.2914484376206055
1.4969999999999828 0.5494791666666666 0.8341666666666667 5.130871478963661
1.4999999999999827 0.5494791666666666 0.8333333333333334 5.310206360631352
1.5029999999999826 0.55 0.8325 4.087539345761771
1.5059999999999825 0.55 0.8316666666666667 5.5450919847843005
1.5089999999999824 0.5494791666666666 0.8316666666666667 4.980455467777233
1.5119999999999822 0.5479166666666666 0.8316666666666667 3.768621633450065
1.5149999999999821 0.5447916666666667 0.8325 2.2137506639735327
1.517999999999982 0.5421875 0.8350000000000001 5.363029727323555
1.520999999999982 0.5385416666666667 0.8391666666666667 2.7006359052565623
1.5239999999999818 0.5354166666666667 0.8441666666666667 4.582740810463421
1.5269999999999817 0.53125 0.8500000000000001 3.7896905969228847
1.5299999999999816 0.5276041666666667 0.8558333333333333 1.162941447959486
1.5329999999999815 0.5239583333333333 0.8616666666666667 4.687600895542929
1.5359999999999814 0.5203125 0.8683333333333334 5.0519943329640835
1.5389999999999813 0.5171875 0.8733333333333334 4.669743641443037
1.5419999999999812 0.5145833333333333 0.8791666666666668 1.7554886935429455
1.544999999999981 0.5119791666666667 0.8833333333333334 3.718677561754309
1.547999999999981 0.5098958333333333 0.8875000000000001 2.6413982674463137
1.5509999999999808 0.5083333333333333 0.8916666666666667 3.73108616841304
1.5539999999999807 0.50625 0.895 6.167280720564037
1.5569999999999806 0.5052083333333334 0.8966666666666667 4.157850869742206
1.5599999999999805 0.5041666666666667 0.9 5.658822512289875
1.5629999999999804 0.5036458333333333 0.9033333333333334 2.1320174234554807
1.5659999999999803 0.5036458333333333 0.9066666666666667 3.039079994194763
1.5689999999999802 0.5036458333333333 0.91 3.396016113339626
1.57199999999998 0.5036458333333333 0.9133333333333334 4.436453066252501
1.57499999999998 0.5036458333333333 0.9166666666666667 1.3059985037063606
1.5779999999999799 0.5041666666666667 0.92 6.688490904407396
1.5809999999999798 0.5052083333333334 0.9225000000000001 5.736024275408258
1.5839999999999796 0.50625 0.925 5.176152072336055
1.5869999999999795 0.5078125 0.9275000000000001 6.392372864733105
1.5899999999999794 0.5098958333333333 0.93 1.2525120545869028
1.5929999999999793 0.5114583333333333 0.9316666666666668 3.069018667751407
1.5959999999999792 0.5145833333333333 0.9333333333333333 4.082458511637519
1.598999999999979 0.5166666666666666 0.935 6.513465324152066
1.601999999999979 0.5197916666666667 0.9358333333333334 2.7667535720188337
1.6049999999999789 0.5223958333333333 0.9375000000000001 3.553649738615895
1.6079999999999788 0.5244791666666666 0.9375000000000001 4.896438847682469
1.6109999999999787 0.5270833333333333 0.9383333333333334 4.691617179264986
1.6139999999999786 0.5286458333333334 0.9383333333333334 1.7387121359571298
1.6169999999999785 0.5307291666666667 0.9383333333333334 4.441253722333692
1.6199999999999783 0.5322916666666666 0.9391666666666667 3.527512464893017
1.6229999999999782 0.5333333333333333 0.9391666666666667 6.122195537023469
1.6259999999999781 0.534375 0.9391666666666667 6.5071654659958895
1.628999999999978 0.5354166666666667 0.9400000000000001 2.1005685540080448
1.631999999999978 0.5364583333333334 0.9400000000000001 5.137415009975145
1.6349999999999778 0.5369791666666667 0.9400000000000001 4.395243236686286
1.6379999999999777 0.5375 0.9400000000000001 3.6187658204918276
1.6409999999999776 0.5380208333333333 0.9400000000000001 3.943619621367815
1.6439999999999775 0.5380208333333333 0.9400000000000001 2.265384149403998
1.6469999999999774 0.5385416666666667 0.9400000000000001 1.5239733860756293
1.6499999999999773 0.5385416666666667 0.9400000000000001 4.897322299125278
1.6529999999999772 0.5385416666666667 0.9400000000000001 3.5107111266566533
1.655999999999977 0.5385416666666667 0.9400000000000001 5.713880940889353
1.658999999999977 0.546875 0.9383333333333334 2.765678619828308
1.6619999999999768 0.5630208333333333 0.935 6.811633565161313
1.6649999999999767 0.60625 0.9241666666666667 1.5876412160613358
1.6679999999999766 0.6489583333333333 0.9125000000000001 5.540428345168767
1.6709999999999765 0.6833333333333333 0.905 4.6854351012570925
1.6739999999999764 0.7203125 0.8966666666666667 4.759333511935414
1.6769999999999763 0.7609375 0.8891666666666668 2.412645253679288
1.6799999999999762 0.8052083333333333 0.88 2.0648470554197673
1.682999999999976 0.8515625 0.8716666666666667 6.4169167004013845
1.685999999999976 0.8984375 0.8633333333333334 3.763619970083698
1.6889999999999759 0.9380208333333333 0.8566666666666667 5.2078133836871165
1.6919999999999757 0.9682291666666667 0.8516666666666667 4.369190710255232
1.6949999999999756 0.9927083333333333 0.8466666666666667 2.551404254368068
1.6979999999999755 0.9994791666666667 0.8433333333333334 1.9522375908366139
1.7009999999999754 0.9994791666666667 0.8391666666666667 3.350379692543986
1.7039999999999753 0.9994791666666667 0.8366666666666667 4.494546021959231
1.7069999999999752 0.9994791666666667 0.8341666666666667 1.3541884731835923
1.709999999999975 0.9994791666666667 0.8316666666666667 3.4671535958075674
1.712999999999975 0.9994791666666667 0.8283333333333334 6.903868610396713
1.7159999999999749 0.9994791666666667 0.8258333333333334 3.299207213104279
1.7189999999999748 0.9994791666666667 0.8241666666666667 2.9950283083476488
1.7219999999999747 0.9994791666666667 0.8225 3.477437517923221
1.7249999999999746 0.9994791666666667 0.8208333333333334 6.9573439423536705
1.7279999999999744 0.9994791666666667 0.8208333333333334 2.8682431138166153
1.7309999999999743 0.9994791666666667 0.8200000000000001 1.6287587665635888
1.7339999999999742 0.9994791666666667 0.8200000000000001 5.9425100777497555
1.7369999999999741 0.9994791666666667 0.8200000000000001 6.397426193635664
1.739999999999974 0.9989583333333333 0.8191666666666667 5.187242362825472
1.742999999999974 0.9984375 0.8183333333333334 3.695017729502183
1.7459999999999738 0.9979166666666667 0.8166666666666668 5.825382403457267
1.7489999999999737 0.9973958333333334 0.8150000000000001 3.1849365289089215
1.7519999999999736 0.9963541666666667 0.8133333333333334 3.7166364421125753
1.7549999999999735 0.9958333333333333 0.8125 6.408321282580782
1.7579999999999734 0.9953124999999999 0.8108333333333334 3.259541805297205
1.7609999999999733 0.9947916666666666 0.81 4.857122363579994
1.7639999999999731 0.9947916666666666 0.8083333333333333 3.7360708727290426
1.766999999999973 0.9942708333333333 0.8075000000000001 5.841052059215601
1.769999999999973 0.99375 0.8075000000000001 2.393444361085659
1.7729999999999728 0.99375 0.8066666666666668 5.725709464719342
1.7759999999999727 0.9932291666666666 0.8066666666666668 6.58719395666424
1.7789999999999726 0.9932291666666666 0.8058333333333334 3.2166032835359513
1.7819999999999725 0.9927083333333333 0.8058333333333334 2.530853017067529
1.7849999999999724 0.9927083333333333 0.805 4.181009244622114
1.7879999999999723 0.9921875 0.8041666666666667 6.3066712229982
1.7909999999999722 0.9916666666666667 0.8033333333333333 3.1021025429564357
1.793999999999972 0.9911458333333333 0.8 4.209399214727928
1.796999999999972 0.9895833333333334 0.7958333333333334 3.856747463344106
1.7999999999999718 0.9874999999999999 0.7875000000000001 4.1875205812530085
1.8029999999999717 0.984375 0.7733333333333334 1.8453540467711194
1.8059999999999716 0.9786458333333333 0.7441666666666668 3.2951289947630746
1.8089999999999715 0.965625 0.6783333333333333 5.694747942557639
1.8119999999999714 0.9546875 0.6133333333333334 2.7058449964672304
1.8149999999999713 0.9479166666666666 0.5625 2.1079644597846015
1.8179999999999712 0.9421875 0.5158333333333334 4.322846254958579
1.820999999999971 0.9380208333333333 0.47500000000000003 1.7056019227803279
1.823999999999971 0.9348958333333334 0.445 4.549795019458597
1.8269999999999709 0.9328124999999999 0.42500000000000004 2.7027334585339218
1.8299999999999708 0.9317708333333333 0.4116666666666667 1.4736899247986126
1.8329999999999707 0.9307291666666666 0.40166666666666667 3.562043402786534
1.8359999999999705 0.9296875 0.395 2.251689016474275
1.8389999999999704 0.9286458333333333 0.3891666666666667 2.5663857849433183
1.8419999999999703 0.9276041666666667 0.38583333333333336 5.589992278490053
1.8449999999999702 0.9265625 0.38333333333333336 3.5482167551497135
1.84799999999997 0.9255208333333333 0.3816666666666667 3.3921796502980914
1.85099999999997 0.9239583333333333 0.38 5.255636386130428
1.85399999999997 0.9229166666666666 0.3791666666666667 1.4703576070930373
1.8569999999999698 0.921875 0.37833333333333335 2.433746209539125
1.8599999999999697 0.9197916666666667 0.3775 3.9218491494630046
1.8629999999999696 0.91875 0.3775 3.412456332475894
1.8659999999999695 0.9177083333333333 0.3775 1.0582249153480516
1.8689999999999694 0.9166666666666666 0.3775 3.4990372002587895
1.8719999999999692 0.9151041666666666 0.3775 6.288113163606518
1.8749999999999691 0.9140625 0.3775 4.30547773819465
1.877999999999969 0.9130208333333333 0.37833333333333335 2.8392579658066666
1.880999999999969 0.9119791666666667 0.3791666666666667 3.7467206644468414
1.8839999999999688 0.9114583333333334 0.3791666666666667 1.5640206864007795
1.8869999999999687 0.9104166666666667 0.38 4.156953019723505
1.8899999999999686 0.9098958333333333 0.38083333333333336 3.3870686416958167
1.8929999999999685 0.9093749999999999 0.3816666666666667 1.855725599106756
1.8959999999999684 0.9088541666666666 0.3825 4.1415863899293255
1.8989999999999683 0.9083333333333333 0.38333333333333336 5.821424818753936
1.9019999999999682 0.9078125 0.3841666666666667 1.1545174171136943
1.904999999999968 0.90625 0.3866666666666667 1.3452914570274486
1.907999999999968 0.9041666666666667 0.3891666666666667 6.158622251925493
1.9109999999999678 0.9005208333333333 0.39416666666666667 5.746783246280895
1.9139999999999677 0.8953125 0.4008333333333334 5.97321257754418
1.9169999999999676 0.8838541666666666 0.41500000000000004 3.6569130054425067
1.9199999999999675 0.85625 0.4475 2.865801717431329
1.9229999999999674 0.8265625 0.4816666666666667 1.6771456716776105
1.9259999999999673 0.7984375 0.5158333333333334 4.0337540342110625
1.9289999999999672 0.7760416666666666 0.5416666666666667 1.990533206592354
1.931999999999967 0.7552083333333334 0.5666666666666667 6.786598764280667
1.934999999999967 0.7369791666666666 0.5883333333333334 6.040189373483958
1.9379999999999669 0.7234375 0.6041666666666667 2.5579589069748883
1.9409999999999668 0.7135416666666666 0.6166666666666667 3.8893005148067687
1.9439999999999666 0.7052083333333333 0.6266666666666667 6.669380860071142
1.9469999999999665 0.7005208333333334 0.6333333333333334 5.30491296038465
1.9499999999999664 0.6963541666666666 0.6383333333333334 3.326495764073238
1.9529999999999663 0.6927083333333334 0.6425000000000001 4.397497940883239
1.9559999999999662 0.690625 0.6441666666666667 5.128893432332942
1.958999999999966 0.6895833333333333 0.6458333333333334 4.892550600750553
1.961999999999966 0.6885416666666666 0.6466666666666667 3.762624788951616
1.9649999999999659 0.6885416666666666 0.6466666666666667 3.7931899944313585
1.9679999999999658 0.6885416666666666 0.6466666666666667 1.9882483255773862
1.9709999999999657 0.6885416666666666 0.6475000000000001 2.7134283176117657
1.9739999999999656 0.6895833333333333 0.65 2.1705188614029858
1.9769999999999655 0.690625 0.6533333333333333 3.9581388847725965
1.9799999999999653 0.6916666666666667 0.6575000000000001 5.358489363061505
1.9829999999999652 0.6927083333333334 0.6633333333333333 2.8544652889406485
1.9859999999999651 0.6942708333333333 0.6708333333333334 1.6813914987101828
1.988999999999965 0.6953125 0.6833333333333333 1.5783545764475508
1.991999999999965 0.6963541666666666 0.7000000000000001 2.676574061325999
1.9949999999999648 0.6973958333333333 0.7233333333333334 4.1315705691466
1.9979999999999647 0.6973958333333333 0.745 3.227032312539448
2.000999999999965 0.6979166666666666 0.7675000000000001 3.5072478830098817
2.003999999999965 0.6979166666666666 0.7875000000000001 6.640474982468922
2.006999999999965 0.6979166666666666 0.8041666666666667 2.375928973218029
2.009999999999965 0.696875 0.8208333333333334 1.115714017841315
2.0129999999999653 0.6953125 0.8358333333333334 5.315484445839962
2.0159999999999654 0.6942708333333333 0.8475 3.3366754852347014
2.0189999999999655 0.6932291666666667 0.8575 5.638734233242642
2.0219999999999656 0.6916666666666667 0.8658333333333333 1.073676459808998
2.0249999999999657 0.690625 0.8725 4.563394299298806
2.027999999999966 0.6901041666666666 0.8775000000000001 2.757922315122441
2.030999999999966 0.6895833333333333 0.88 3.8807492419448817
2.033999999999966 0.6895833333333333 0.8816666666666667 3.597980705467381
2.036999999999966 0.6895833333333333 0.8833333333333334 2.084030422209289
2.0399999999999663 0.6895833333333333 0.8833333333333334 3.4911851733034696
2.0429999999999664 0.6895833333333333 0.8841666666666668 1.2417004886793577
2.0459999999999665 0.6895833333333333 0.8841666666666668 5.143014453574104
2.0489999999999666 0.6901041666666666 0.885 5.1845721691937285
2.0519999999999667 0.6901041666666666 0.885 3.5424180098488867
2.054999999999967 0.690625 0.885 1.2371549739755316
2.057999999999967 0.690625 0.885 3.022778067274082
2.060999999999967 0.690625 0.885 5.437807815124645
2.063999999999967 0.690625 0.885 4.40192095819944
2.0669999999999673 0.6890625 0.8833333333333334 6.114463183403317
2.0699999999999674 0.6859375 0.8808333333333334 4.245501896369294
2.0729999999999675 0.6828125 0.8766666666666667 1.1093325402095282
2.0759999999999676 0.678125 0.8708333333333333 5.710501048266996
2.0789999999999678 0.6713541666666667 0.8633333333333334 5.4515386425102115
2.081999999999968 0.6619791666666667 0.8533333333333334 2.9855494633578337
2.084999999999968 0.6510416666666666 0.8408333333333334 4.710344217047524
2.087999999999968 0.6401041666666667 0.8291666666666667 6.970524465344226
2.090999999999968 0.6333333333333333 0.8225 4.830270770176279
2.0939999999999683 0.6265625 0.8166666666666668 5.607279016763789
2.0969999999999684 0.6213541666666667 0.8116666666666668 2.049207511495837
2.0999999999999686 0.6171875 0.8083333333333333 2.3926068601775725
2.1029999999999687 0.6135416666666667 0.8058333333333334 4.90241484028294
2.105999999999969 0.609375 0.8025000000000001 3.4007518818343194
2.108999999999969 0.6057291666666667 0.7991666666666667 6.74575886735268
2.111999999999969 0.6026041666666666 0.7958333333333334 5.539066437425708
2.114999999999969 0.6005208333333333 0.7933333333333333 2.3180863410738946
2.1179999999999692 0.5989583333333334 0.7916666666666667 1.4392032861136714
2.1209999999999694 0.596875 0.79 1.5858727007905304
2.1239999999999695 0.5958333333333333 0.7883333333333333 2.460062131117448
2.1269999999999696 0.5947916666666666 0.7875000000000001 1.9580832856764219
2.1299999999999697 0.5942708333333333 0.7866666666666667 4.921213973692666
2.13299999999997 0.59375 0.7858333333333334 3.2213610954619956
2.13599999999997 0.5932291666666667 0.7858333333333334 6.325255001941314
2.13899999999997 0.5932291666666667 0.7858333333333334 2.5635192041130086
2.14199999999997 0.5927083333333333 0.785 6.853405882378605
2.1449999999999703 0.5921875 0.785 2.11744872945086
2.1479999999999704 0.5838541666666667 0.7758333333333334 3.2192632709362856
2.1509999999999705 0.5546875 0.7458333333333333 5.519129525318139
2.1539999999999706 0.49374999999999997 0.6783333333333333 6.321580967224295
2.1569999999999707 0.4557291666666667 0.6358333333333334 3.806009867974703
2.159999999999971 0.42552083333333335 0.6008333333333333 4.312731893224782
2.162999999999971 0.3921875 0.5591666666666667 1.8975596849311778
2.165999999999971 0.35260416666666666 0.5075000000000001 3.7369510330045808
2.168999999999971 0.315625 0.4566666666666667 6.467563164974772
2.1719999999999713 0.2817708333333333 0.405 4.596480907770217
2.1749999999999714 0.2546875 0.3641666666666667 6.651975626949629
2.1779999999999715 0.23906249999999998 0.3408333333333334 1.1756144903946788
2.1809999999999716 0.2296875 0.32833333333333337 5.065810721405645
2.1839999999999717 0.22447916666666667 0.32083333333333336 4.605930239343733
2.186999999999972 0.22135416666666666 0.31583333333333335 6.742086908779962
2.189999999999972 0.21927083333333333 0.3125 5.5034409675176335
2.192999999999972 0.21770833333333334 0.31 4.990934204524791
2.195999999999972 0.21770833333333334 0.31 1.7627669343762629
2.1989999999999723 0.2171875 0.31083333333333335 2.8833097815689133
2.2019999999999724 0.2171875 0.31083333333333335 1.5192014267982616
2.2049999999999725 0.21614583333333334 0.31083333333333335 5.567575590082784
2.2079999999999727 0.21510416666666665 0.31083333333333335 1.9840550623096667
2.2109999999999728 0.21458333333333332 0.31083333333333335 2.443422095872381
2.213999999999973 0.21354166666666666 0.31 3.2138889846523533
2.216999999999973 0.21197916666666666 0.31 1.3406866169060154
2.219999999999973 0.2109375 0.3091666666666667 5.75019570646913
2.222999999999973 0.209375 0.30833333333333335 3.37084353395124
2.2259999999999733 0.20833333333333334 0.3075 5.140457136520988
2.2289999999999734 0.20677083333333332 0.3066666666666667 2.5025363129087808
2.2319999999999736 0.20572916666666666 0.30583333333333335 1.3288694407374173
2.2349999999999737 0.20416666666666666 0.305 2.860928992078888
2.237999999999974 0.203125 0.30333333333333334 2.1871906113808475
2.240999999999974 0.2015625 0.3016666666666667 4.6866512155429625
2.243999999999974 0.2 0.30000000000000004 3.298825961390637
2.246999999999974 0.19739583333333333 0.29750000000000004 3.0883793274418103
2.2499999999999742 0.19479166666666667 0.2941666666666667 4.875785543223936
2.2529999999999744 0.190625 0.28833333333333333 6.77431689368672
2.2559999999999745 0.1859375 0.2816666666666667 4.968862803478697
2.2589999999999746 0.178125 0.27 6.424456501228271
2.2619999999999747 0.16458333333333333 0.24833333333333335 4.318680439840052
2.264999999999975 0.14947916666666666 0.22 1.262439554154187
2.267999999999975 0.1359375 0.19333333333333336 6.512132499130102
2.270999999999975 0.125 0.17083333333333334 1.8103551075117499
2.273999999999975 0.11458333333333333 0.14916666666666667 5.194085583162771
2.2769999999999753 0.10572916666666667 0.12833333333333335 3.8542147294029987
2.2799999999999754 0.09739583333333333 0.11166666666666668 2.0254046584161163
2.2829999999999755 0.09166666666666666 0.09833333333333334 2.205226536634802
2.2859999999999756 0.0875 0.08833333333333333 5.850635416178785
2.2889999999999757 0.08385416666666666 0.08166666666666667 1.9933253199847167
2.291999999999976 0.08177083333333333 0.07583333333333334 5.855699359486306
2.294999999999976 0.07916666666666666 0.07166666666666667 6.550495481630698
2.297999999999976 0.07760416666666667 0.06916666666666667 3.8291536521599703
2.300999999999976 0.0765625 0.06666666666666667 3.5129837609941124
2.3039999999999763 0.07552083333333333 0.065 1.868921576994235
2.3069999999999764 0.07447916666666667 0.06416666666666668 1.7272649090937797
2.3099999999999765 0.07447916666666667 0.06333333333333334 2.4474403557548237
2.3129999999999766 0.07395833333333333 0.06333333333333334 2.9846633423817677
2.3159999999999767 0.0734375 0.0625 2.146602139957623
2.318999999999977 0.07395833333333333 0.0625 2.1234838681091657
2.321999999999977 0.07552083333333333 0.0625 2.19076434357998
2.324999999999977 0.07708333333333334 0.0625 3.950925722111095
2.327999999999977 0.07916666666666666 0.06166666666666667 3.065445274771912
2.3309999999999773 0.08072916666666667 0.06166666666666667 1.1421543671101155
2.3339999999999774 0.0828125 0.06166666666666667 1.3788966838468601
2.3369999999999775 0.084375 0.06166666666666667 6.29398248528026
2.3399999999999777 0.08541666666666667 0.0625 2.002813636272239
2.3429999999999778 0.08697916666666666 0.0625 1.0498823576514005
2.345999999999978 0.08802083333333333 0.06333333333333334 5.322581285797652
2.348999999999978 0.0890625 0.06416666666666668 6.438952294622032
2.351999999999978 0.09010416666666667 0.065 3.8502412655652876
2.354999999999978 0.09114583333333333 0.06583333333333334 4.634500897532166
2.3579999999999783 0.09270833333333334 0.06666666666666667 5.029651113881554
2.3609999999999784 0.09375 0.0675 1.5743258451478839
2.3639999999999786 0.09479166666666666 0.06916666666666667 1.9915389335939089
2.3669999999999787 0.09635416666666667 0.07083333333333333 2.3855895298589624
2.369999999999979 0.09791666666666667 0.07250000000000001 5.685562879420491
2.372999999999979 0.09895833333333333 0.07416666666666667 6.850066187569318
2.375999999999979 0.10052083333333334 0.07666666666666667 2.4497052012930385
2.378999999999979 0.10208333333333333 0.07916666666666668 2.4557306823674683
2.3819999999999792 0.103125 0.08083333333333334 3.808668887362121
2.3849999999999794 0.1046875 0.08333333333333334 5.196023814683522
2.3879999999999795 0.10572916666666667 0.085 4.79633695376264
2.3909999999999796 0.10677083333333333 0.08666666666666667 3.0850214213923683
2.3939999999999797 0.10781249999999999 0.08833333333333333 6.100630696737173
2.39699999999998 0.109375 0.09083333333333334 5.293304704260557
2.39999999999998 0.1109375 0.09250000000000001 4.769183489783298
2.40299999999998 0.11197916666666667 0.09416666666666668 1.9815232034613668
2.40599999999998 0.11354166666666667 0.09583333333333334 4.282479177916813
2.4089999999999803 0.11510416666666666 0.09666666666666668 1.9008972761790612
2.4119999999999804 0.11614583333333334 0.09833333333333334 3.2770380359057993
2.4149999999999805 0.1171875 0.09916666666666667 2.446599691435954
2.4179999999999806 0.11770833333333333 0.1 2.56844651394304
2.4209999999999807 0.11822916666666666 0.1 1.3529011275973286
2.423999999999981 0.11927083333333333 0.1 5.619744504675529
2.426999999999981 0.11979166666666667 0.1 6.685742037229485
2.429999999999981 0.1203125 0.1 2.2170329139928393
2.432999999999981 0.12083333333333333 0.1 3.7627637847608177
2.4359999999999813 0.12135416666666667 0.1 6.640975692399303
2.4389999999999814 0.121875 0.1 6.675553391423461
2.4419999999999815 0.12239583333333333 0.1 1.1882128936405079
2.4449999999999816 0.12291666666666666 0.1 2.0446835093143676
2.4479999999999817 0.12291666666666666 0.1 6.179292494887301
2.450999999999982 0.12343749999999999 0.1 5.49676113018184